9
Effect
Chord Progression
CaFdDG
("CaFdDG" 0.200000 1.000000)
Effect
Chord Progression
Pachelbel
("DAhf#GDGA" 0.200000 1.000000)
Effect
Compressor
m1
([(-60.000000 -60.000000) (0.000000 -10.270271)] 0.010000 0.500000)
Effect
Echo
Echo
(0.673 0.952 0.000)
Effect
Echo
Hall
(0,150 0,200 0,500)
Effect
Equalizer
peak
([(20.000000 0.000000 0.000000) (578.322266 -34.578949 -9.400000) (20000.000000 0.000000 0.000000)])
Effect
Equalizer
test
([(20,000000 -40,000000 0) (61,129017 2,898552 0) (494,394409 -40,000000 0) (1000,000000 20,000000 0) (20000,000000 -40,000000 0)])
Effect
Hull Curve
Fade Out
([(0.000000 0.000000) (1.000000 -55.000000)])
Synth
FM
michi1
([(1.000000 0.500000 0.010000 1.000000 0.600000 0.010000 0.400000 0.400000) (1.988100 0.700000 0.010000 1.000000 0.600000 0.010000 0.400000 0.400000) (3.982100 0.300000 0.010000 1.000000 0.600000 0.010000 0.400000 0.400000) (1.006210 0.500000 0.010000 1.000000 0.600000 0.010000 0.400000 0.400000) (1.993400 0.700000 0.010000 1.000000 0.600000 0.010000 0.400000 0.400000) (0.000000 0.000000 0.010000 1.000000 0.600000 0.010000 0.400000 0.400000)] [(0 -1) (1 0) (2 1) (3 -1) (4 3)])
